0.000000000000000000e+00 0.000000000000000000e+00
9.636290336089712097e-03 2.672434949364350595e-03
1.579191549635823935e-02 1.055331554015299066e-02
2.185518490505576616e-02 1.850547022159328148e-02
2.211757325698949367e-02 2.850202724652789454e-02
2.231184361058587834e-02 3.850014001993236346e-02
2.687250458788263338e-02 4.739959907372673364e-02
3.567557281294801708e-02 5.214364690494051324e-02
4.490093551139353462e-02 5.600275082711339558e-02
5.031351904493423094e-02 6.441131428899225797e-02
5.732076900231176941e-02 7.154562911487656607e-02
6.011294864174950014e-02 8.114790659790679928e-02
7.007054171809562471e-02 8.206787405706163219e-02
7.602850094287888494e-02 9.009923271396522160e-02
8.199231429017934947e-02 9.812624525653426688e-02
8.790360532467497712e-02 1.061920147985861290e-01
9.206794910980825586e-02 1.152836725593700123e-01
8.975086764686818208e-02 1.250115260478894263e-01
9.917995039557735149e-02 1.283420513094653270e-01
1.034168603071849574e-01 1.374001192271242233e-01
1.087003284970986250e-01 1.458904056702408913e-01
1.171913226498384891e-01 1.511727364340361146e-01
1.269944657065832094e-01 1.491983032979188051e-01
1.355330104696738647e-01 1.544034212916531590e-01
1.393077145336875933e-01 1.636636377701766731e-01
1.473796300169808449e-01 1.695665337061195155e-01
1.569436020025992973e-01 1.724872253807585021e-01
1.630398043133081953e-01 1.804141615724348113e-01
1.725310308311226448e-01 1.772650951730815327e-01
1.779021261788180097e-01 1.857002202323776441e-01
1.792863737086440867e-01 1.956039497711004327e-01
1.850246744390658948e-01 2.037936936454374237e-01
2.239723738821091173e-02 5.634230467614608634e-02
1.942527646138248743e-01 2.076462709290901043e-01
1.775099034121588315e-01 2.103912853585671594e-01
1.761040390487241536e-01 2.202919694456201560e-01
2.033115543539054937e-01 2.118816373176107271e-01
2.129628240376570114e-01 2.092638150372603534e-01
2.196182529661963867e-01 2.167274110724944081e-01
2.290680494058657535e-01 2.199987024457615847e-01
2.352624849734206713e-01 2.121482904820866655e-01
2.347797176585669776e-01 2.282070424588875657e-01
2.405439703634629500e-01 2.363785411435903594e-01
2.473249578975783569e-01 2.437282491692313313e-01
2.544351062169487587e-01 2.507600192789941618e-01
2.513621078490853034e-01 2.602761466967575821e-01
2.640602319730928071e-01 2.480476486961990523e-01
2.722575176639275840e-01 2.537751706125984663e-01
2.817236032771325838e-01 2.505513183883993911e-01
2.893931017284883667e-01 2.569683888652330994e-01
2.478467834361774980e-01 2.696379037045000260e-01
2.986825786788024351e-01 2.606704988027664927e-01
3.011396671832070049e-01 2.703639355556174961e-01
3.011425666375669996e-01 2.803639351352756881e-01
3.037167431398942186e-01 2.520300596832147355e-01
3.031536637191122319e-01 2.901596223765365301e-01
3.035834497663655318e-01 3.001503823052700248e-01
3.126242387402803913e-01 3.044240382026416891e-01
2.436437944880932016e-01 2.066935997649827494e-01
3.211610198437798158e-01 3.096320482248032246e-01
3.276936700034622230e-01 3.172033415021238700e-01
1.683891469615098613e-01 2.266543935184589242e-01
3.104294078402388135e-01 2.446178985529675609e-01
3.374418471681746023e-01 3.149733096715482961e-01
2.436968337625184944e-01 2.787361407703330407e-01
3.242354079322814497e-01 3.265863273513635590e-01
2.405388465348498317e-01 2.882244028171929151e-01
2.337730135261197051e-01 2.955880638426596208e-01
3.304902136652448918e-01 3.343887247549112152e-01
3.195830581433772855e-01 2.405916489174067530e-01
2.261946870584629898e-01 2.890635739814050309e-01
3.284033174974291258e-01 3.441685439958152015e-01
3.191341114631255915e-01 3.479211190441828250e-01
3.377887692270623021e-01 3.476201082543399212e-01
3.459014082449465288e-01 3.534669097872724652e-01
3.147195764231433546e-01 3.568939603099564040e-01
3.164069496931418701e-01 3.667505708555595101e-01
3.472678595003022561e-01 3.131160316501215291e-01
3.509322507772295041e-01 3.621092835014422251e-01
3.269128957171715255e-01 2.337891875142237841e-01
3.145325651097016784e-01 3.765733343380710529e-01
1.418460898745808052e-01 1.466480987047235895e-01
3.300700921362977880e-01 2.243006622984140830e-01
3.397198293365690236e-01 2.216771966581395081e-01
3.571343067611157940e-01 3.699536765036279817e-01
3.669061965671764347e-01 3.678299605107965276e-01
3.115002729199278231e-01 3.861025108017449581e-01
3.134646128080663119e-01 3.959076813155029129e-01
2.471051821454694764e-01 1.973117664960867823e-01
2.197683587270865269e-01 2.967253168756392445e-01
3.161207512303753631e-01 4.055484763388157443e-01
3.179741360845929621e-01 4.153752237448579132e-01
3.494192867518463586e-01 2.192439835870703402e-01
3.173077494670941689e-01 4.253529954838795035e-01
3.554674560746704515e-01 2.272076289736033872e-01
3.758279651313580771e-01 3.723468228827512272e-01
3.207084564240116342e-01 3.364665181213411516e-01
3.119735957231070667e-01 4.338115298625711547e-01
3.094892607128292839e-01 4.434980193998962483e-01
3.833818804123780843e-01 3.788995600152152421e-01
